0	6
10024	1
10118	1
101279	1
101445	1
102154	1
102399	1
10254	1
10313	1
10368	1
10392	9
10417	1
10419	32
10577	1
10700	1
1078	28
108162	1
10936	7
1118	1
11245	1
11263	2
11266	1
11281	3
11284	1
11314	1
11335	1
1134	1
11341	1
11345	1
11355	1
11364	1
11382	1
11400	1
114167	1
114220	1
114241	1
11444	1
1161	1
11733	1
1176	1
11780	1
11950	1
12050	1
12083	1
12113	1
123	1
12620	1
12737	1
12816	8
12819	1
12846	94
12851	21
12993	1
130	5
13102	1
138789	1
13973	1
13997	1
14001	1
14070	1
14296	1
1435	1
14435	1
14485	1
14492	1
14579	1
14591	1
14650	1
1483	1
1493	1
1494	1
1500	1
1509	1
15131	1
15147	1
15182	1
1521	1
1524	1
1526	2
15271	5
1528	2
1531	1
1533	1
1536	1
1543	1
1545	1
1549	3
1550	2
1552	1
1556	1
1558	1
15618	1
1572	2
1575	1
15756	1
1580	3
1582	1
1585	1
1598	1
1604	1
1624	1
1627	1
1636	1
1637	1
1658	2
1659	2
1663	2
1667	1
16670	1
1670	1
1671	1
1673	1
16746	1
1676	1
16853	1
1686	1
1687	2
1695	1
1729	1
17361	1
17757	1
17919	1
1822	2
1829	1
1833	1
1837	1
1850	1
1853	1
1866	1
1872	1
1873	1
1875	1
18753	1
18767	1
1879	1
1883	1
18859	1
18892	1
18927	1
18971	1
1899	1
1906	2
1914	1
1918	2
1924	1
1927	1
1948	1
19597	7
1970	1
1976	1
1983	1
20030	1
2008	1
2022	11
2023	1
2029	1
20376	1
20420	1
20434	1
20488	1
2060	2
2064	1
2072	2
20726	1
2080	2
2082	6
2088	1
2089	1
209	35
2093	1
20972	2
20981	1
2103	2
21125	7
21162	1
2120	1
2125	1
2136	1
2144	1
2148	1
21483	1
2150	1
2160	2
2181	1
2182	2
2187	1
2201	1
2202	3
2211	1
2213	1
2214	1
2220	1
2222	1
2223	1
2224	1
2230	1
2243	2
2250	1
2251	2
2255	1
2262	1
2271	2
22710	1
2272	1
22777	1
2287	1
2300	11
2314	1
23169	1
2332	1
23338	1
2341	4
2346	2
2347	1
2349	1
2369	1
2372	1
2379	1
2380	1
2381	1
2386	1
2388	1
2434	1
2446	1
2449	1
24507	2
24525	1
24577	1
24585	1
2481	1
2482	1
2485	1
25123	1
2521	2
2534	1
25416	1
2542	1
2577	1
2583	1
2592	1
26294	1
2640	1
2651	1
26541	1
2657	1
2662	1
2685	1
269	1
27035	1
2717	1
27248	1
284	2
2869	23
2877	32
2878	2
28922	1
2925	1
2937	2
2955	11
2964	1
2987	16
300	1
301	6
3020	1
3027	1
3032	1
3040	2
3041	1
3049	12
3068	1
3080	1
309	1
3091	1
3093	1
3095	4
3103	1
3169	31
3200	1
3203	1
3238	1
3241	1
3271	1
3277	1
3279	1
3299	1
3302	2
3327	1
3364	1
3376	1
3382	1
3407	1
3419	1
3431	1
3438	2
34395	1
3440	1
34910	1
3501	1
3505	1
3518	8
3533	1
3544	1
3548	1
3564	3
3570	1
3575	1
3577	1
3584	1
3596	1
3616	1
3617	3
3628	1
3629	7
3634	1
36410	1
3674	1
3675	1
3686	1
3697	1
3699	1
3729	1
3730	1
3732	2
3739	1
3748	1
3762	1
3763	1
3766	1
3774	1
3810	1
3826	1
3838	1
3848	1
3853	3
38580	1
3860	1
3884	2
3891	1
3949	2
3960	1
3965	1
3972	4
3981	1
3998	1
4004	4
4011	1
4016	7
4022	2
4034	15
40430	1
40520	1
40578	1
4062	2
4072	1
4081	4
4114	5
4140	1
41434	1
4154	2
4156	1
4163	1
4173	4
4175	2
4187	1
4212	1
4213	2
42243	1
4226	1
42285	1
4232	6
4234	1
4280	1
4284	1
4287	1
4300	1
4308	1
43115	1
4313	1
4319	1
4364	1
4366	1
4369	1
4377	2
4379	1
43816	1
4388	1
43915	1
4396	1
4412	1
4430	1
4445	1
4449	3
4456	1
4462	1
44644	1
44652	1
4468	1
4472	1
4485	1
44960	1
45059	1
4515	2
4523	1
4524	1
4534	5
4536	1
4548	1
4564	1
4577	1
4583	2
4604	1
4611	1
4612	1
4615	1
4619	1
46373	2
4646	4
4662	1
4665	5
468	1
4719	1
4721	1
4723	1
4731	1
4750	3
4811	1
4816	2
4829	1
4866	1
4898	1
4901	3
4911	1
4924	1
4972	1
4982	1
5036	1
5055	1
5113	1
5140	1
5162	1
5171	1
5181	2
5208	1
5229	1
5234	4
5243	1
5253	9
5277	2
52854	1
5326	1
5327	1
5336	1
5383	1
5389	1
5402	3
5420	1
5421	1
5499	4
5517	6
5543	10
5554	2
5567	1
55862	1
5596	1
5598	2
5615	2
5622	1
5664	1
5672	2
5691	16
5711	1
5724	1
5773	1
5794	2
5805	1
58169	2
58292	3
5846	1
5871	1
5882	1
5891	1
5933	1
5935	1
59454	1
59549	1
5967	1
59679	1
5969	1
5989	1
6024	1
6029	1
6032	1
6050	1
6051	3
6054	1
6061	1
6063	1
6102	1
6142	1
6155	1
6159	1
6180	1
6189	1
6194	1
6208	2
6217	1
6225	1
6233	1
6248	1
6252	1
6271	12
6274	1
6291	1
6294	1
6297	1
6310	1
6324	1
6329	1
6331	1
6337	1
6340	1
6345	2
6357	1
6377	1
6379	1
6392	1
6394	1
6399	1
6403	1
6405	1
6413	1
6427	2
6445	1
6459	3
6484	1
6485	1
6522	1
6540	1
6551	1
6558	2
6570	1
6596	4
6602	1
6612	1
6618	2
6619	6
6640	1
6644	2
6681	1
6697	2
6703	1
6708	1
6712	1
6736	1
6738	1
6762	1
6791	1
68	27
6805	1
6816	1
6846	1
6856	1
6866	3
6872	2
6882	1
6893	11
6895	2
69197	1
6922	1
6937	1
6948	1
6949	1
6952	1
6970	2
6976	1
6980	1
6996	1
7001	2
7014	1
7049	1
7071	1
7074	1
7087	1
7088	1
7127	1
7133	1
7142	1
7175	1
7182	1
7192	1
71941	1
7196	1
7206	1
7207	1
7213	1
7218	1
7226	3
7235	1
7245	1
7254	1
7255	1
7298	1
7311	1
7316	1
7326	1
7352	1
7368	12
7410	1
7411	1
7435	7
7441	1
7461	2
7463	1
7511	1
7529	2
7649	4
7762	1
7771	1
7783	1
782	1
7875	1
7895	1
7912	1
7927	1
7939	7
7970	1
8004	1
8055	1
8066	1
808	1
8081	1
8193	1
8232	1
8306	1
8312	1
8331	1
8347	1
8380	1
8540	1
8545	1
8605	1
8632	2
8663	1
8667	1
8673	1
8692	1
8708	1
8715	1
8728	1
8770	1
8771	1
8782	1
8787	1
8793	1
8806	1
8809	1
8820	3
8821	2
8830	1
8837	1
8845	1
8857	1
8866	1
8964	1
8986	1
9065	1
9109	1
9133	1
9241	3
9259	1
9263	1
9306	1
9307	1
9310	2
9312	3
9328	1
9342	1
9391	1
9403	2
9412	1
9419	2
9449	1
945	11
9469	1
9492	1
9514	2
9523	1
9524	1
9561	1
9563	1
9622	1
9769	1
9812	1
